etiqueta;acumulado;frame;tiempo;
particular;1.0;912.022222222;2.05
particular;2.0;912.022222222;2.05
peaton;1.0;912.022222222;2.05
bus;1.0;1846.28888889;4.15
bus;2.0;2157.71111111;4.85
particular;3.0;2179.95555556;4.9
taxi;1.0;2402.4;5.4
bus;3.0;2469.13333333;5.55
taxi;2.0;2513.62222222;5.65
particular;4.0;3025.24444444;6.8
particular;5.0;3269.93333333;7.35
particular;6.0;3381.15555556;7.6
bus;4.0;3536.86666667;7.95
particular;7.0;3803.8;8.55
taxi;3.0;4448.88888889;10.0
taxi;4.0;4693.57777778;10.55
particular;8.0;4738.06666667;10.65
camion;1.0;4738.06666667;10.65
motociclista;1.0;5427.64444444;12.2
taxi;5.0;5516.62222222;12.4
taxi;6.0;5627.84444444;12.65
motociclista;2.0;5783.55555556;13.0
bus;5.0;6384.15555556;14.35
particular;9.0;6651.08888889;14.95
bus;6.0;6651.08888889;14.95
bus;7.0;6740.06666667;15.15
peaton;2.0;7296.17777778;16.4
taxi;7.0;7407.4;16.65
particular;10.0;7474.13333333;16.8
particular;11.0;7540.86666667;16.95
peaton;3.0;7896.77777778;17.75
particular;12.0;8163.71111111;18.35
minivan;1.0;8586.35555556;19.3
particular;13.0;8742.06666667;19.65
particular;14.0;8786.55555556;19.75
motociclista;3.0;9097.97777778;20.45
motociclista;4.0;9409.4;21.15
bus;8.0;9453.88888889;21.25
taxi;8.0;9542.86666667;21.45
motociclista;5.0;9698.57777778;21.8
peaton;4.0;10365.9111111;23.3
particular;15.0;10610.6;23.85
particular;16.0;10788.5555556;24.25
motociclista;6.0;10810.8;24.3
taxi;9.0;10922.0222222;24.55
taxi;10.0;11300.1777778;25.4
motociclista;7.0;11322.4222222;25.45
motociclista;8.0;11656.0888889;26.2
particular;17.0;11834.0444444;26.6
particular;18.0;12345.6666667;27.75
bus;9.0;12434.6444444;27.95
particular;19.0;12545.8666667;28.2
particular;20.0;12790.5555556;28.75
particular;21.0;12879.5333333;28.95
taxi;11.0;13346.6666667;30.0
peaton;5.0;13480.1333333;30.3
bus;10.0;13502.3777778;30.35
particular;22.0;13902.7777778;31.25
particular;23.0;14481.1333333;32.55
taxi;12.0;14570.1111111;32.75
bus;11.0;14703.5777778;33.05
bus;12.0;15793.5555556;35.5
peaton;6.0;16705.5777778;37.55
bus;13.0;16928.0222222;38.05
minivan;2.0;16994.7555556;38.2
particular;24.0;17328.4222222;38.95
particular;25.0;17484.1333333;39.3
particular;26.0;17728.8222222;39.85
peaton;7.0;17995.7555556;40.45
taxi;13.0;18084.7333333;40.65
taxi;14.0;18262.6888889;41.05
taxi;15.0;18907.7777778;42.5
particular;27.0;19152.4666667;43.05
taxi;16.0;19152.4666667;43.05
motociclista;9.0;19196.9555556;43.15
particular;28.0;19597.3555556;44.05
taxi;17.0;19797.5555556;44.5
particular;29.0;19842.0444444;44.6
taxi;18.0;19953.2666667;44.85
peaton;8.0;20131.2222222;45.25
peaton;9.0;20264.6888889;45.55
motociclista;10.0;20642.8444444;46.4
bus;14.0;20843.0444444;46.85
taxi;19.0;20887.5333333;46.95
minivan;3.0;21176.7111111;47.6
taxi;20.0;21888.5333333;49.2
taxi;21.0;22355.6666667;50.25
particular;30.0;22400.1555556;50.35
particular;31.0;22511.3777778;50.6
peaton;10.0;22555.8666667;50.7
particular;32.0;22889.5333333;51.45
particular;33.0;22934.0222222;51.55
taxi;22.0;23067.4888889;51.85
peaton;11.0;23245.4444444;52.25
particular;34.0;23356.6666667;52.5
particular;35.0;23823.8;53.55
particular;36.0;24313.1777778;54.65
particular;37.0;24580.1111111;55.25
particular;38.0;25113.9777778;56.45
particular;39.0;25536.6222222;57.4
particular;40.0;25647.8444444;57.65
taxi;23.0;25914.7777778;58.25
taxi;24.0;26470.8888889;59.5
bus;15.0;26515.3777778;59.6
particular;41.0;26893.5333333;60.45
particular;42.0;27316.1777778;61.4
motociclista;11.0;27449.6444444;61.7
motociclista;12.0;27672.0888889;62.2
taxi;25.0;27894.5333333;62.7
motociclista;13.0;27894.5333333;62.7
particular;43.0;28050.2444444;63.05
particular;44.0;28940.0222222;65.05
particular;45.0;29117.9777778;65.45
peaton;12.0;29740.8222222;66.85
taxi;26.0;29807.5555556;67.0
peaton;13.0;30452.6444444;68.45
taxi;27.0;30630.6;68.85
taxi;28.0;31475.8888889;70.75
peaton;14.0;32521.3777778;73.1
peaton;15.0;32543.6222222;73.15
peaton;16.0;32721.5777778;73.55
peaton;17.0;32988.5111111;74.15
peaton;18.0;33255.4444444;74.75
peaton;19.0;33655.8444444;75.65
peaton;20.0;34478.8888889;77.5
peaton;21.0;34812.5555556;78.25
peaton;22.0;35324.1777778;79.4
peaton;23.0;35435.4;79.65
peaton;24.0;36013.7555556;80.95
peaton;25.0;36302.9333333;81.6
peaton;26.0;36480.8888889;82.0
peaton;27.0;37148.2222222;83.5
peaton;28.0;37237.2;83.7
peaton;29.0;37904.5333333;85.2
peaton;30.0;37993.5111111;85.4
peaton;31.0;40284.6888889;90.55
peaton;32.0;41152.2222222;92.5
motociclista;14.0;45645.6;102.6
motociclista;15.0;46290.6888889;104.05
particular;46.0;47336.1777778;106.4
taxi;29.0;48515.1333333;109.05
bus;16.0;49783.0666667;111.9
particular;47.0;52207.7111111;117.35
peaton;33.0;52296.6888889;117.55
motociclista;16.0;52474.6444444;117.95
taxi;30.0;52741.5777778;118.55
peaton;34.0;53119.7333333;119.4
motociclista;17.0;53141.9777778;119.45
particular;48.0;53275.4444444;119.75
motociclista;18.0;53675.8444444;120.65
taxi;31.0;53764.8222222;120.85
particular;49.0;54209.7111111;121.85
peaton;35.0;54632.3555556;122.8
particular;50.0;54877.0444444;123.35
taxi;32.0;55277.4444444;124.25
camion;2.0;55277.4444444;124.25
particular;51.0;55544.3777778;124.85
peaton;36.0;55588.8666667;124.95
peaton;37.0;55900.2888889;125.65
particular;52.0;55944.7777778;125.75
taxi;33.0;56233.9555556;126.4
particular;53.0;56300.6888889;126.55
taxi;34.0;56500.8888889;127.0
particular;54.0;56589.8666667;127.2
peaton;38.0;56589.8666667;127.2
particular;55.0;56745.5777778;127.55
taxi;35.0;57012.5111111;128.15
taxi;36.0;57079.2444444;128.3
taxi;37.0;57390.6666667;129.0
taxi;38.0;57568.6222222;129.4
taxi;39.0;57857.8;130.05
taxi;40.0;57969.0222222;130.3
motociclista;19.0;58124.7333333;130.65
camion;3.0;58169.2222222;130.75
particular;56.0;58658.6;131.85
peaton;39.0;58836.5555556;132.25
taxi;41.0;58881.0444444;132.35
taxi;42.0;59014.5111111;132.65
particular;57.0;59348.1777778;133.4
taxi;43.0;59526.1333333;133.8
motociclista;20.0;59637.3555556;134.05
particular;58.0;59681.8444444;134.15
peaton;40.0;59681.8444444;134.15
particular;59.0;59815.3111111;134.45
taxi;44.0;59926.5333333;134.7
particular;60.0;59993.2666667;134.85
bus;17.0;60282.4444444;135.5
taxi;45.0;60638.3555556;136.3
particular;61.0;60905.2888889;136.9
particular;62.0;60927.5333333;136.95
peaton;41.0;60949.7777778;137.0
peaton;42.0;61038.7555556;137.2
particular;63.0;61372.4222222;137.95
particular;64.0;61550.3777778;138.35
particular;65.0;61639.3555556;138.55
particular;66.0;62062.0;139.5
taxi;46.0;62462.4;140.4
particular;67.0;62729.3333333;141.0
particular;68.0;63107.4888889;141.85
peaton;43.0;63196.4666667;142.05
taxi;47.0;63507.8888889;142.75
particular;69.0;63574.6222222;142.9
particular;70.0;63774.8222222;143.35
particular;71.0;64086.2444444;144.05
peaton;44.0;64152.9777778;144.2
particular;72.0;64308.6888889;144.55
bus;18.0;64330.9333333;144.6
peaton;45.0;64531.1333333;145.05
particular;73.0;64976.0222222;146.05
bus;19.0;65065.0;146.25
particular;74.0;65087.2444444;146.3
particular;75.0;65109.4888889;146.35
taxi;48.0;65242.9555556;146.65
particular;76.0;65554.3777778;147.35
particular;77.0;65687.8444444;147.65
taxi;49.0;65910.2888889;148.15
camion;4.0;66132.7333333;148.65
taxi;50.0;66243.9555556;148.9
particular;78.0;66355.1777778;149.15
taxi;51.0;67467.4;151.65
particular;79.0;67645.3555556;152.05
peaton;46.0;67756.5777778;152.3
peaton;47.0;68023.5111111;152.9
particular;80.0;68023.5111111;152.9
particular;81.0;68268.2;153.45
particular;82.0;68268.2;153.45
particular;83.0;68357.1777778;153.65
particular;84.0;68624.1111111;154.25
bus;20.0;68891.0444444;154.85
particular;85.0;69513.8888889;156.25
motociclista;21.0;69825.3111111;156.95
ciclista;1.0;70003.2666667;157.35
peaton;48.0;70203.4666667;157.8
peaton;49.0;70514.8888889;158.5
taxi;52.0;70848.5555556;159.25
peaton;50.0;71026.5111111;159.65
particular;86.0;71337.9333333;160.35
peaton;51.0;71426.9111111;160.55
bus;21.0;71693.8444444;161.15
motociclista;22.0;71871.8;161.55
motociclista;23.0;72472.4;162.9
particular;87.0;72494.6444444;162.95
motociclista;24.0;72939.5333333;163.95
peaton;52.0;73184.2222222;164.5
particular;88.0;73362.1777778;164.9
peaton;53.0;73629.1111111;165.5
peaton;54.0;73873.8;166.05
peaton;55.0;74207.4666667;166.8
particular;89.0;74652.3555556;167.8
peaton;56.0;74674.6;167.85
particular;90.0;74763.5777778;168.05
particular;91.0;75186.2222222;169.0
peaton;57.0;75208.4666667;169.05
minivan;4.0;75475.4;169.65
taxi;53.0;75853.5555556;170.5
peaton;58.0;76142.7333333;171.15
taxi;54.0;76231.7111111;171.35
peaton;59.0;76498.6444444;171.95
taxi;55.0;76587.6222222;172.15
taxi;56.0;76787.8222222;172.6
motociclista;25.0;77032.5111111;173.15
particular;92.0;77188.2222222;173.5
taxi;57.0;77210.4666667;173.55
taxi;58.0;77766.5777778;174.8
particular;93.0;77966.7777778;175.25
peaton;60.0;78144.7333333;175.65
peaton;61.0;78278.2;175.95
particular;94.0;78456.1555556;176.35
taxi;59.0;78456.1555556;176.35
peaton;62.0;78812.0666667;177.15
camion;5.0;78901.0444444;177.35
taxi;60.0;79167.9777778;177.95
taxi;61.0;79434.9111111;178.55
particular;95.0;79679.6;179.1
peaton;63.0;79724.0888889;179.2
motociclista;26.0;79746.3333333;179.25
minivan;5.0;80013.2666667;179.85
minivan;6.0;80080.0;180.0
bus;22.0;80636.1111111;181.25
minivan;7.0;80814.0666667;181.65
particular;96.0;81125.4888889;182.35
particular;97.0;81815.0666667;183.9
taxi;62.0;81859.5555556;184.0
particular;98.0;82015.2666667;184.35
peaton;64.0;82193.2222222;184.75
particular;99.0;82460.1555556;185.35
particular;100.0;82504.6444444;185.45
particular;101.0;83260.9555556;187.15
motociclista;27.0;83305.4444444;187.25
particular;102.0;83372.1777778;187.4
particular;103.0;83527.8888889;187.75
particular;104.0;83794.8222222;188.35
motociclista;28.0;84217.4666667;189.3
particular;105.0;84996.0222222;191.05
peaton;65.0;85218.4666667;191.55
peaton;66.0;86975.7777778;195.5
peaton;67.0;87020.2666667;195.6
particular;106.0;87843.3111111;197.45
peaton;68.0;88777.5777778;199.55
peaton;69.0;89044.5111111;200.15
peaton;70.0;89355.9333333;200.85
peaton;71.0;89912.0444444;202.1
peaton;72.0;90245.7111111;202.85
peaton;73.0;90601.6222222;203.65
peaton;74.0;90846.3111111;204.2
peaton;75.0;92536.8888889;208.0
peaton;76.0;92737.0888889;208.45
peaton;77.0;93782.5777778;210.8
peaton;78.0;95673.3555556;215.05
camion;6.0;99677.3555556;224.05
taxi;63.0;100478.155556;225.85
motociclista;29.0;100967.533333;226.95
peaton;79.0;101456.911111;228.05
particular;107.0;101612.622222;228.4
taxi;64.0;102235.466667;229.8
particular;108.0;103080.755556;231.7
taxi;65.0;106128.244444;238.55
motociclista;30.0;106862.311111;240.2
particular;109.0;107418.422222;241.45
bus;23.0;107640.866667;241.95
particular;110.0;107663.111111;242.0
motociclista;31.0;107729.844444;242.15
bus;24.0;108219.222222;243.25
particular;111.0;108441.666667;243.75
bus;25.0;108552.888889;244.0
taxi;66.0;108886.555556;244.75
taxi;67.0;109375.933333;245.85
bus;26.0;109375.933333;245.85
particular;112.0;109553.888889;246.25
taxi;68.0;109687.355556;246.55
taxi;69.0;110332.444444;248.0
taxi;70.0;110443.666667;248.25
particular;113.0;110443.666667;248.25
taxi;71.0;110666.111111;248.75
taxi;72.0;110977.533333;249.45
particular;114.0;111222.222222;250.0
taxi;73.0;111644.866667;250.95
taxi;74.0;111756.088889;251.2
taxi;75.0;111756.088889;251.2
bus;27.0;111867.311111;251.45
particular;115.0;111867.311111;251.45
taxi;76.0;112623.622222;253.15
particular;116.0;112645.866667;253.2
particular;117.0;112801.577778;253.55
taxi;77.0;113335.444444;254.75
ciclista;2.0;113335.444444;254.75
particular;118.0;113847.066667;255.9
taxi;78.0;113980.533333;256.2
particular;119.0;114558.888889;257.5
minivan;8.0;114603.377778;257.6
particular;120.0;115026.022222;258.55
particular;121.0;115115.0;258.75
particular;122.0;115203.977778;258.95
taxi;79.0;115426.422222;259.45
particular;123.0;115648.866667;259.95
motociclista;32.0;115826.822222;260.35
taxi;80.0;116405.177778;261.65
minivan;9.0;116716.6;262.35
taxi;81.0;116939.044444;262.85
particular;124.0;117339.444444;263.75
particular;125.0;117606.377778;264.35
peaton;80.0;117873.311111;264.95
particular;126.0;118407.177778;266.15
particular;127.0;118763.088889;266.95
particular;128.0;119474.911111;268.55
taxi;82.0;119563.888889;268.75
particular;129.0;119608.377778;268.85
motociclista;33.0;119875.311111;269.45
particular;130.0;120409.177778;270.65
peaton;81.0;120453.666667;270.75
motociclista;34.0;120542.644444;270.95
bus;28.0;120676.111111;271.25
particular;131.0;121165.488889;272.35
bus;29.0;121921.8;274.05
taxi;83.0;122544.644444;275.45
bus;30.0;123434.422222;277.45
particular;132.0;124168.488889;279.1
particular;133.0;124413.177778;279.65
particular;134.0;124835.822222;280.6
motociclista;35.0;124924.8;280.8
bus;31.0;125125.0;281.25
taxi;84.0;125569.888889;282.25
particular;135.0;125703.355556;282.55
taxi;85.0;126326.2;283.95
particular;136.0;126392.933333;284.1
taxi;86.0;126593.133333;284.55
bus;32.0;126659.866667;284.7
motociclista;36.0;127193.733333;285.9
motociclista;37.0;127215.977778;285.95
particular;137.0;127327.2;286.2
peaton;82.0;127460.666667;286.5
particular;138.0;127705.355556;287.05
particular;139.0;127838.822222;287.35
taxi;87.0;128305.955556;288.4
particular;140.0;128506.155556;288.85
particular;141.0;128617.377778;289.1
peaton;83.0;128906.555556;289.75
minivan;10.0;128995.533333;289.95
particular;142.0;129129.0;290.25
taxi;88.0;129195.733333;290.4
taxi;89.0;129484.911111;291.05
taxi;90.0;129551.644444;291.2
particular;143.0;130018.777778;292.25
particular;144.0;130063.266667;292.35
motociclista;38.0;130085.511111;292.4
motociclista;39.0;130130.0;292.5
motociclista;40.0;130218.977778;292.7
taxi;91.0;130530.4;293.4
taxi;92.0;130619.377778;293.6
peaton;84.0;130930.8;294.3
particular;145.0;130997.533333;294.45
particular;146.0;131042.022222;294.55
particular;147.0;131598.133333;295.8
bus;33.0;132065.266667;296.85
particular;148.0;132220.977778;297.2
taxi;93.0;132821.577778;298.55
taxi;94.0;132888.311111;298.7
taxi;95.0;133044.022222;299.05
peaton;85.0;133622.377778;300.35
taxi;96.0;133822.577778;300.8
bus;34.0;134022.777778;301.25
particular;149.0;134289.711111;301.85
particular;150.0;134623.377778;302.6
minivan;11.0;134734.6;302.85
particular;151.0;134912.555556;303.25
motociclista;41.0;134912.555556;303.25
particular;152.0;135312.955556;304.15
particular;153.0;135357.444444;304.25
motociclista;42.0;135735.6;305.1
taxi;97.0;136113.755556;305.95
peaton;86.0;136647.622222;307.15
bus;35.0;137048.022222;308.05
peaton;87.0;138427.177778;311.15
peaton;88.0;139806.333333;314.25
peaton;89.0;140985.288889;316.9
peaton;90.0;141719.355556;318.55
peaton;91.0;142053.022222;319.3
peaton;92.0;142097.511111;319.4
peaton;93.0;143209.733333;321.9
peaton;94.0;143387.688889;322.3
taxi;98.0;143476.666667;322.5
peaton;95.0;144210.733333;324.15
peaton;96.0;145256.222222;326.5
peaton;97.0;145589.888889;327.25
peaton;98.0;145812.333333;327.75
peaton;99.0;145990.288889;328.15
peaton;100.0;146813.333333;330.0
peaton;101.0;150150.0;337.5
peaton;102.0;150639.377778;338.6
peaton;103.0;152663.622222;343.15
particular;154.0;153108.511111;344.15
taxi;99.0;153130.755556;344.2
taxi;100.0;154465.422222;347.2
peaton;104.0;155243.977778;348.95
taxi;101.0;155822.333333;350.25
particular;155.0;156089.266667;350.85
peaton;105.0;156890.066667;352.65
camion;7.0;158224.733333;355.65
motociclista;43.0;158936.555556;357.25
peaton;106.0;159025.533333;357.45
particular;156.0;159559.4;358.65
motociclista;44.0;159603.888889;358.75
taxi;102.0;160004.288889;359.65
particular;157.0;161049.777778;362.0
motociclista;45.0;161094.266667;362.1
taxi;103.0;161739.355556;363.55
particular;158.0;161961.8;364.05
taxi;104.0;162095.266667;364.35
bus;36.0;162139.755556;364.45
particular;159.0;162228.733333;364.65
particular;160.0;162629.133333;365.55
particular;161.0;162651.377778;365.6
motociclista;46.0;162807.088889;365.95
particular;162.0;162896.066667;366.15
particular;163.0;163340.955556;367.15
taxi;105.0;163429.933333;367.35
peaton;107.0;163563.4;367.65
bus;37.0;164453.177778;369.65
particular;164.0;164497.666667;369.75
taxi;106.0;164608.888889;370.0
particular;165.0;164675.622222;370.15
motociclista;47.0;165076.022222;371.05
taxi;107.0;165098.266667;371.1
ciclista;3.0;165120.511111;371.15
ciclista;4.0;165253.977778;371.45
peaton;108.0;165253.977778;371.45
taxi;108.0;165698.866667;372.45
bus;38.0;166811.088889;374.95
particular;166.0;166877.822222;375.1
taxi;109.0;166966.8;375.3
particular;167.0;166989.044444;375.35
taxi;110.0;167834.333333;377.25
taxi;111.0;167878.822222;377.35
particular;168.0;168056.777778;377.75
particular;169.0;168657.377778;379.1
taxi;112.0;169391.444444;380.75
particular;170.0;169524.911111;381.05
particular;171.0;169547.155556;381.1
particular;172.0;170214.488889;382.6
particular;173.0;170370.2;382.95
peaton;109.0;170459.177778;383.15
particular;174.0;170548.155556;383.35
particular;175.0;170726.111111;383.75
motociclista;48.0;170993.044444;384.35
peaton;110.0;171237.733333;384.9
taxi;113.0;171437.933333;385.35
motociclista;49.0;171526.911111;385.55
bus;39.0;171749.355556;386.05
particular;176.0;172461.177778;387.65
particular;177.0;172616.888889;388.0
motociclista;50.0;173039.533333;388.95
particular;178.0;173306.466667;389.55
taxi;114.0;173439.933333;389.85
motociclista;51.0;173462.177778;389.9
taxi;115.0;173729.111111;390.5
taxi;116.0;173818.088889;390.7
bus;40.0;174107.266667;391.35
taxi;117.0;174129.511111;391.4
particular;179.0;174374.2;391.95
bus;41.0;174396.444444;392.0
taxi;118.0;174730.111111;392.75
particular;180.0;174819.088889;392.95
particular;181.0;174930.311111;393.2
taxi;119.0;175330.711111;394.1
motociclista;52.0;175352.955556;394.15
particular;182.0;175419.688889;394.3
motociclista;53.0;175664.377778;394.85
motociclista;54.0;175753.355556;395.05
motociclista;55.0;176064.777778;395.75
particular;183.0;176554.155556;396.85
bus;42.0;176554.155556;396.85
taxi;120.0;176954.555556;397.75
particular;184.0;177354.955556;398.65
motociclista;56.0;177577.4;399.15
motociclista;57.0;177755.355556;399.55
bus;43.0;178066.777778;400.25
taxi;121.0;178089.022222;400.3
motociclista;58.0;178089.022222;400.3
motociclista;59.0;178111.266667;400.35
motociclista;60.0;178289.222222;400.75
taxi;122.0;178355.955556;400.9
taxi;123.0;178444.933333;401.1
peaton;111.0;178600.644444;401.45
motociclista;61.0;178645.133333;401.55
particular;185.0;178823.088889;401.95
particular;186.0;178956.555556;402.25
taxi;124.0;179201.244444;402.8
particular;187.0;179534.911111;403.55
particular;188.0;179979.8;404.55
particular;189.0;180380.2;405.45
taxi;125.0;180424.688889;405.55
motociclista;62.0;180469.177778;405.65
taxi;126.0;180736.111111;406.25
particular;190.0;181047.533333;406.95
taxi;127.0;181826.088889;408.7
taxi;128.0;182004.044444;409.1
peaton;112.0;182493.422222;410.2
bus;44.0;182738.111111;410.75
taxi;129.0;182827.088889;410.95
particular;191.0;183472.177778;412.4
motociclista;63.0;183805.844444;413.15
motociclista;64.0;184161.755556;413.95
particular;192.0;184339.711111;414.35
particular;193.0;184517.666667;414.75
peaton;113.0;185229.488889;416.35
taxi;130.0;185318.466667;416.55
particular;194.0;186208.244444;418.55
particular;195.0;186853.333333;420.0
particular;196.0;187275.977778;420.95
particular;197.0;188054.533333;422.7
particular;198.0;188610.644444;423.95
ciclista;5.0;189611.644444;426.2
particular;199.0;189656.133333;426.3
taxi;131.0;190434.688889;428.05
bus;45.0;190434.688889;428.05
peaton;114.0;191191.0;429.75
peaton;115.0;192125.266667;431.85
peaton;116.0;192436.688889;432.55
peaton;117.0;193059.533333;433.95
peaton;118.0;194305.222222;436.75
peaton;119.0;194616.644444;437.45
peaton;120.0;194727.866667;437.7
peaton;121.0;195172.755556;438.7
peaton;122.0;205160.511111;461.15
particular;200.0;205516.422222;461.95
motociclista;65.0;205916.822222;462.85
particular;201.0;207785.355556;467.05
particular;202.0;208897.577778;469.55
taxi;132.0;209453.688889;470.8
peaton;123.0;210298.977778;472.7
taxi;133.0;210588.155556;473.35
bus;46.0;213657.888889;480.25
motociclista;66.0;213680.133333;480.3
particular;203.0;213702.377778;480.35
particular;204.0;213969.311111;480.95
peaton;124.0;214169.511111;481.4
taxi;134.0;214992.555556;483.25
bus;47.0;215370.711111;484.1
minivan;12.0;215459.688889;484.3
minivan;13.0;215459.688889;484.3
particular;205.0;216015.8;485.55
taxi;135.0;216193.755556;485.95
taxi;136.0;216549.666667;486.75
particular;206.0;216950.066667;487.65
peaton;125.0;216950.066667;487.65
particular;207.0;217194.755556;488.2
taxi;137.0;217817.6;489.6
particular;208.0;217862.088889;489.7
peaton;126.0;217951.066667;489.9
particular;209.0;218373.711111;490.85
peaton;127.0;218618.4;491.4
particular;210.0;218662.888889;491.5
particular;211.0;218796.355556;491.8
bus;48.0;219018.8;492.3
particular;212.0;219041.044444;492.35
peaton;128.0;219508.177778;493.4
peaton;129.0;219975.311111;494.45
particular;213.0;220019.8;494.55
peaton;130.0;220108.777778;494.75
particular;214.0;220153.266667;494.85
bus;49.0;220286.733333;495.15
particular;215.0;220553.666667;495.75
peaton;131.0;220687.133333;496.05
peaton;132.0;221065.288889;496.9
taxi;138.0;221109.777778;497.0
bus;50.0;221221.0;497.25
motociclista;67.0;221599.155556;498.1
particular;216.0;221843.844444;498.65
particular;217.0;222044.044444;499.1
peaton;133.0;222266.488889;499.6
taxi;139.0;222600.155556;500.35
peaton;134.0;222689.133333;500.55
particular;218.0;222733.622222;500.65
particular;219.0;222867.088889;500.95
taxi;140.0;222956.066667;501.15
particular;220.0;223045.044444;501.35
particular;221.0;223512.177778;502.4
particular;222.0;223690.133333;502.8
taxi;141.0;223756.866667;502.95
peaton;135.0;223801.355556;503.05
camion;8.0;223979.311111;503.45
bus;51.0;224001.555556;503.5
bus;52.0;224201.755556;503.95
particular;223.0;224579.911111;504.8
bus;53.0;224646.644444;504.95
taxi;142.0;224735.622222;505.15
taxi;143.0;225091.533333;505.95
particular;224.0;225091.533333;505.95
peaton;136.0;225336.222222;506.5
peaton;137.0;225447.444444;506.75
particular;225.0;226025.8;508.05
motociclista;68.0;226292.733333;508.65
peaton;138.0;226337.222222;508.75
taxi;144.0;226426.2;508.95
particular;226.0;227049.044444;510.35
particular;227.0;227315.977778;510.95
taxi;145.0;227382.711111;511.1
taxi;146.0;227516.177778;511.4
peaton;139.0;227538.422222;511.45
taxi;147.0;227983.311111;512.45
peaton;140.0;228161.266667;512.85
peaton;141.0;228383.711111;513.35
peaton;142.0;228561.666667;513.75
particular;228.0;228939.822222;514.6
motociclista;69.0;228939.822222;514.6
motociclista;70.0;229073.288889;514.9
particular;229.0;229206.755556;515.2
camion;9.0;229206.755556;515.2
taxi;148.0;229317.977778;515.45
peaton;143.0;229629.4;516.15
particular;230.0;229718.377778;516.35
peaton;144.0;230007.555556;517.0
taxi;149.0;230052.044444;517.1
particular;231.0;230830.6;518.85
bus;54.0;231030.8;519.3
motociclista;71.0;231364.466667;520.05
peaton;145.0;231564.666667;520.5
particular;232.0;231898.333333;521.25
particular;233.0;232009.555556;521.5
taxi;150.0;232076.288889;521.65
particular;234.0;232320.977778;522.2
peaton;146.0;232387.711111;522.35
particular;235.0;232432.2;522.45
taxi;151.0;232498.933333;522.6
motociclista;72.0;232877.088889;523.45
motociclista;73.0;232877.088889;523.45
taxi;152.0;232943.822222;523.6
peaton;147.0;233233.0;524.25
taxi;153.0;233299.733333;524.4
particular;236.0;233321.977778;524.45
peaton;148.0;233544.422222;524.95
taxi;154.0;233722.377778;525.35
particular;237.0;233789.111111;525.5
taxi;155.0;234256.244444;526.55
motociclista;74.0;234367.466667;526.8
camion;10.0;234545.422222;527.2
particular;238.0;234790.111111;527.75
motociclista;75.0;234945.822222;528.1
taxi;156.0;235034.8;528.3
particular;239.0;235235.0;528.75
peaton;149.0;235279.488889;528.85
peaton;150.0;235546.422222;529.45
taxi;157.0;235679.888889;529.75
motociclista;76.0;235679.888889;529.75
taxi;158.0;236258.244444;531.05
taxi;159.0;236280.488889;531.1
peaton;151.0;236347.222222;531.25
particular;240.0;236525.177778;531.65
particular;241.0;237170.266667;533.1
particular;242.0;237370.466667;533.55
bus;55.0;237570.666667;534.0
peaton;152.0;237659.644444;534.2
minivan;14.0;238304.733333;535.65
peaton;153.0;238393.711111;535.85
particular;243.0;238727.377778;536.6
peaton;154.0;238883.088889;536.95
bus;56.0;239105.533333;537.45
peaton;155.0;239150.022222;537.55
taxi;160.0;239572.666667;538.5
peaton;156.0;239950.822222;539.35
bus;57.0;240195.511111;539.9
particular;244.0;240217.755556;539.95
taxi;161.0;240484.688889;540.55
minivan;15.0;240951.822222;541.6
particular;245.0;241218.755556;542.2
particular;246.0;241329.977778;542.45
peaton;157.0;241463.444444;542.75
peaton;158.0;241507.933333;542.85
bus;58.0;242019.555556;544.0
particular;247.0;242330.977778;544.7
particular;248.0;242887.088889;545.95
taxi;162.0;243554.422222;547.45
taxi;163.0;243665.644444;547.7
particular;249.0;244221.755556;548.95
particular;250.0;244510.933333;549.6
bus;59.0;245400.711111;551.6
peaton;159.0;248181.266667;557.85
peaton;160.0;249115.533333;559.95
peaton;161.0;249560.422222;560.95
peaton;162.0;250561.422222;563.2
peaton;163.0;250561.422222;563.2
peaton;164.0;251718.133333;565.8
motociclista;77.0;258080.044444;580.1
taxi;164.0;258858.6;581.85
peaton;165.0;259081.044444;582.35
camion;11.0;260905.088889;586.45
taxi;165.0;261172.022222;587.05
camion;12.0;262439.955556;589.9
taxi;166.0;262662.4;590.4
particular;251.0;263596.666667;592.5
particular;252.0;265309.488889;596.35
motociclista;78.0;265331.733333;596.4
taxi;167.0;266577.422222;599.2
taxi;168.0;266621.911111;599.3
motociclista;79.0;266866.6;599.85
particular;253.0;266911.088889;599.95
particular;254.0;267578.422222;601.45
taxi;169.0;267800.866667;601.95
motociclista;80.0;268045.555556;602.5
particular;255.0;268245.755556;602.95
particular;256.0;268534.933333;603.6
bus;60.0;269046.555556;604.75
bus;61.0;269246.755556;605.2
particular;257.0;269335.733333;605.4
particular;258.0;269513.688889;605.8
taxi;170.0;269713.888889;606.25
taxi;171.0;270203.266667;607.35
taxi;172.0;270314.488889;607.6
taxi;173.0;270381.222222;607.75
particular;259.0;270425.711111;607.85
taxi;174.0;270648.155556;608.35
taxi;175.0;270803.866667;608.7
motociclista;81.0;270870.6;608.85
particular;260.0;270915.088889;608.95
particular;261.0;271493.444444;610.25
particular;262.0;271537.933333;610.35
taxi;176.0;271671.4;610.65
taxi;177.0;272138.533333;611.7
motociclista;82.0;272205.266667;611.85
particular;263.0;272383.222222;612.25
particular;264.0;272605.666667;612.75
particular;265.0;272828.111111;613.25
particular;266.0;273050.555556;613.75
taxi;178.0;273139.533333;613.95
particular;267.0;273584.422222;614.95
particular;268.0;273673.4;615.15
bus;62.0;274385.222222;616.75
bus;63.0;274474.2;616.95
taxi;179.0;274518.688889;617.05
peaton;166.0;274985.822222;618.1
camion;13.0;275275.0;618.75
particular;269.0;275519.688889;619.3
taxi;180.0;275586.422222;619.45
taxi;181.0;275986.822222;620.35
taxi;182.0;276387.222222;621.25
taxi;183.0;276654.155556;621.85
bus;64.0;276809.866667;622.2
motociclista;83.0;277076.8;622.8
particular;270.0;277254.755556;623.2
particular;271.0;277477.2;623.7
particular;272.0;277632.911111;624.05
particular;273.0;278233.511111;625.4
particular;274.0;278522.688889;626.05
particular;275.0;278678.4;626.4
motociclista;84.0;278722.888889;626.5
particular;276.0;279279.0;627.75
particular;277.0;279323.488889;627.85
motociclista;85.0;279590.422222;628.45
peaton;167.0;279812.866667;628.95
taxi;184.0;280013.066667;629.4
particular;278.0;280435.711111;630.35
taxi;185.0;280546.933333;630.6
peaton;168.0;280569.177778;630.65
particular;279.0;280858.355556;631.3
peaton;169.0;280947.333333;631.5
motociclista;86.0;281014.066667;631.65
particular;280.0;281770.377778;633.35
minivan;16.0;282793.622222;635.65
taxi;186.0;283016.066667;636.15
peaton;170.0;283082.8;636.3
peaton;171.0;283127.288889;636.4
particular;281.0;283371.977778;636.95
bus;65.0;283572.177778;637.4
camion;14.0;283683.4;637.65
peaton;172.0;284106.044444;638.6
taxi;187.0;284195.022222;638.8
peaton;173.0;284284.0;639.0
particular;282.0;284550.933333;639.6
taxi;188.0;284817.866667;640.2
taxi;189.0;284817.866667;640.2
peaton;174.0;285084.8;640.8
taxi;190.0;285285.0;641.25
motociclista;87.0;285329.488889;641.35
particular;283.0;285752.133333;642.3
taxi;191.0;285818.866667;642.45
taxi;192.0;285907.844444;642.65
taxi;193.0;286330.488889;643.6
taxi;194.0;286530.688889;644.05
peaton;175.0;286575.177778;644.15
particular;284.0;287086.8;645.3
taxi;195.0;287331.488889;645.85
particular;285.0;287865.355556;647.05
particular;286.0;287976.577778;647.3
minivan;17.0;288221.266667;647.85
peaton;176.0;288421.466667;648.3
particular;287.0;288666.155556;648.85
motociclista;88.0;288844.111111;649.25
taxi;196.0;289111.044444;649.85
particular;288.0;289200.022222;650.05
taxi;197.0;289333.488889;650.35
motociclista;89.0;289578.177778;650.9
peaton;177.0;289822.866667;651.45
taxi;198.0;289911.844444;651.65
particular;289.0;289934.088889;651.7
particular;290.0;290134.288889;652.15
motociclista;90.0;290579.177778;653.15
bus;66.0;290868.355556;653.8
particular;291.0;290957.333333;654.0
peaton;178.0;290979.577778;654.05
particular;292.0;291691.4;655.65
particular;293.0;291869.355556;656.05
particular;294.0;292180.777778;656.75
taxi;199.0;292469.955556;657.4
particular;295.0;292469.955556;657.4
particular;296.0;292670.155556;657.85
taxi;200.0;292848.111111;658.25
peaton;179.0;292870.355556;658.3
peaton;180.0;293026.066667;658.65
particular;297.0;293270.755556;659.2
particular;298.0;293470.955556;659.65
particular;299.0;293893.6;660.6
bus;67.0;294405.222222;661.75
camion;15.0;294560.933333;662.1
taxi;201.0;294827.866667;662.7
taxi;202.0;295072.555556;663.25
particular;300.0;295517.444444;664.25
taxi;203.0;296073.555556;665.5
particular;301.0;296184.777778;665.75
particular;302.0;296384.977778;666.2
particular;303.0;296696.4;666.9
motociclista;91.0;296874.355556;667.3
taxi;204.0;296985.577778;667.55
particular;304.0;297030.066667;667.65
particular;305.0;297274.755556;668.2
taxi;205.0;297563.933333;668.85
particular;306.0;297764.133333;669.3
particular;307.0;298142.288889;670.15
taxi;206.0;298809.622222;671.65
peaton;181.0;301056.311111;676.7
peaton;182.0;301745.888889;678.25
peaton;183.0;302035.066667;678.9
peaton;184.0;302235.266667;679.35
peaton;185.0;302991.577778;681.05
peaton;186.0;303681.155556;682.6
peaton;187.0;303992.577778;683.3
peaton;188.0;304771.133333;685.05
peaton;189.0;305683.155556;687.1
peaton;190.0;306394.977778;688.7
taxi;207.0;306706.4;689.4
peaton;191.0;307484.955556;691.15
peaton;192.0;307729.644444;691.7
peaton;193.0;308018.822222;692.35
peaton;194.0;308463.711111;693.35
peaton;195.0;308619.422222;693.7
peaton;196.0;309042.066667;694.65
peaton;197.0;309998.577778;696.8
peaton;198.0;310888.355556;698.8
peaton;199.0;312000.577778;701.3
peaton;200.0;312267.511111;701.9
peaton;201.0;312779.133333;703.05
particular;308.0;314158.288889;706.15
particular;309.0;315048.066667;708.15
particular;310.0;315159.288889;708.4
taxi;208.0;315871.111111;710.0
bus;68.0;316938.844444;712.4
peaton;202.0;318229.022222;715.3
peaton;203.0;318607.177778;716.15
motociclista;92.0;318696.155556;716.35
motociclista;93.0;318829.622222;716.65
particular;311.0;318918.6;716.85
particular;312.0;319363.488889;717.85
taxi;209.0;319452.466667;718.05
peaton;204.0;319474.711111;718.1
taxi;210.0;319585.933333;718.35
peaton;205.0;320008.577778;719.3
taxi;211.0;320030.822222;719.35
motociclista;94.0;320097.555556;719.5
taxi;212.0;320320.0;720.0
motociclista;95.0;320386.733333;720.15
particular;313.0;320698.155556;720.85
taxi;213.0;321009.577778;721.55
taxi;214.0;321454.466667;722.55
particular;314.0;321543.444444;722.75
taxi;215.0;321543.444444;722.75
motociclista;96.0;321988.333333;723.75
particular;315.0;322633.422222;725.2
taxi;216.0;322766.888889;725.5
taxi;217.0;322900.355556;725.8
particular;316.0;323612.177778;727.4
taxi;218.0;323634.422222;727.45
peaton;206.0;323723.4;727.65
taxi;219.0;323767.888889;727.75
particular;317.0;324212.777778;728.75
taxi;220.0;324301.755556;728.95
peaton;207.0;324457.466667;729.3
particular;318.0;324768.888889;730.0
taxi;221.0;324880.111111;730.25
taxi;222.0;325080.311111;730.7
taxi;223.0;325213.777778;731.0
particular;319.0;325569.688889;731.8
peaton;208.0;325636.422222;731.95
motociclista;97.0;325658.666667;732.0
particular;320.0;326059.066667;732.9
taxi;224.0;326125.8;733.05
bus;69.0;326237.022222;733.3
particular;321.0;326548.444444;734.0
taxi;225.0;326570.688889;734.05
taxi;226.0;326726.4;734.4
motociclista;98.0;326726.4;734.4
motociclista;99.0;327260.266667;735.6
particular;322.0;327282.511111;735.65
taxi;227.0;327349.244444;735.8
particular;323.0;327438.222222;736.0
peaton;209.0;327527.2;736.2
particular;324.0;327883.111111;737.0
particular;325.0;328016.577778;737.3
particular;326.0;328350.244444;738.05
peaton;210.0;328505.955556;738.4
peaton;211.0;328594.933333;738.6
particular;327.0;328639.422222;738.7
particular;328.0;328839.622222;739.15
particular;329.0;329173.288889;739.9
minivan;18.0;329484.711111;740.6
particular;330.0;329707.155556;741.1
particular;331.0;329729.4;741.15
taxi;228.0;330418.977778;742.7
taxi;229.0;330530.2;742.95
particular;332.0;330685.911111;743.3
particular;333.0;330730.4;743.4
taxi;230.0;331086.311111;744.2
motociclista;100.0;331464.466667;745.05
taxi;231.0;331531.2;745.2
taxi;232.0;331531.2;745.2
particular;334.0;331753.644444;745.7
taxi;233.0;331887.111111;746.0
particular;335.0;332376.488889;747.1
particular;336.0;332465.466667;747.3
motociclista;101.0;332465.466667;747.3
particular;337.0;332643.422222;747.7
peaton;212.0;332754.644444;747.95
taxi;234.0;332776.888889;748.0
particular;338.0;333066.066667;748.65
particular;339.0;333221.777778;749.0
particular;340.0;333889.111111;750.5
particular;341.0;334022.577778;750.8
particular;342.0;334044.822222;750.85
taxi;235.0;334956.844444;752.9
particular;343.0;335157.044444;753.35
particular;344.0;335268.266667;753.6
peaton;213.0;335335.0;753.75
camion;16.0;335446.222222;754.0
particular;345.0;335535.2;754.2
particular;346.0;335957.844444;755.15
taxi;236.0;336113.555556;755.5
motociclista;102.0;336380.488889;756.1
motociclista;103.0;336736.4;756.9
particular;347.0;336758.644444;756.95
taxi;237.0;337359.244444;758.3
particular;348.0;337381.488889;758.35
taxi;238.0;337403.733333;758.4
particular;349.0;338026.577778;759.8
particular;350.0;338093.311111;759.95
particular;351.0;338115.555556;760.0
taxi;239.0;338426.977778;760.7
particular;352.0;338560.444444;761.0
taxi;240.0;338871.866667;761.7
peaton;214.0;338894.111111;761.75
taxi;241.0;339161.044444;762.35
particular;353.0;339183.288889;762.4
particular;354.0;339227.777778;762.5
particular;355.0;339539.2;763.2
peaton;215.0;339628.177778;763.4
motociclista;104.0;340073.066667;764.4
peaton;216.0;340117.555556;764.5
motociclista;105.0;340228.777778;764.75
bus;70.0;340606.933333;765.6
particular;356.0;340762.644444;765.95
peaton;217.0;341274.266667;767.1
bus;71.0;341719.155556;768.1
particular;357.0;341897.111111;768.5
particular;358.0;342720.155556;770.35
particular;359.0;343120.555556;771.25
peaton;218.0;343187.288889;771.4
particular;360.0;343231.777778;771.5
particular;361.0;343365.244444;771.8
peaton;219.0;343943.6;773.1
particular;362.0;344054.822222;773.35
particular;363.0;344121.555556;773.5
particular;364.0;344744.4;774.9
peaton;220.0;345122.555556;775.75
taxi;242.0;345322.755556;776.2
camion;17.0;345389.488889;776.35
particular;365.0;345456.222222;776.5
particular;366.0;345878.866667;777.45
motociclista;106.0;345967.844444;777.65
particular;367.0;346346.0;778.5
taxi;243.0;346346.0;778.5
taxi;244.0;346902.111111;779.75
taxi;245.0;347057.822222;780.1
taxi;246.0;347680.666667;781.5
motociclista;107.0;348926.355556;784.3
motociclista;108.0;348926.355556;784.3
taxi;247.0;349082.066667;784.65
motociclista;109.0;349326.755556;785.2
motociclista;110.0;349749.4;786.15
particular;368.0;349793.888889;786.25
taxi;248.0;349793.888889;786.25
motociclista;111.0;349793.888889;786.25
taxi;249.0;349994.088889;786.7
peaton;221.0;350216.533333;787.2
particular;369.0;350527.955556;787.9
taxi;250.0;350861.622222;788.65
taxi;251.0;351173.044444;789.35
motociclista;112.0;351417.733333;789.9
motociclista;113.0;352174.044444;791.6
peaton;222.0;353909.111111;795.5
peaton;223.0;356556.2;801.45
peaton;224.0;356734.155556;801.85
peaton;225.0;362362.0;814.5
peaton;226.0;364430.733333;819.15
peaton;227.0;364586.444444;819.5
motociclista;114.0;365787.644444;822.2
peaton;228.0;365787.644444;822.2
particular;370.0;366810.888889;824.5
particular;371.0;367878.622222;826.9
minivan;19.0;368101.066667;827.4
taxi;252.0;368523.711111;828.35
taxi;253.0;369280.022222;830.05
camion;18.0;369569.2;830.7
peaton;229.0;370014.088889;831.7
taxi;254.0;370903.866667;833.7
peaton;230.0;371304.266667;834.6
peaton;231.0;371371.0;834.75
motociclista;115.0;372171.8;836.55
taxi;255.0;372772.4;837.9
particular;372.0;372928.111111;838.25
motociclista;116.0;373795.644444;840.2
particular;373.0;373884.622222;840.4
particular;374.0;374084.822222;840.85
motociclista;117.0;374196.044444;841.1
particular;375.0;374663.177778;842.15
taxi;256.0;374974.6;842.85
ciclista;6.0;374974.6;842.85
taxi;257.0;375263.777778;843.5
particular;376.0;375552.955556;844.15
taxi;258.0;375686.422222;844.45
minivan;20.0;375775.4;844.65
particular;377.0;376198.044444;845.6
particular;378.0;376287.022222;845.8
taxi;259.0;376331.511111;845.9
taxi;260.0;376353.755556;845.95
bus;72.0;376420.488889;846.1
particular;379.0;376820.888889;847.0
particular;380.0;377154.555556;847.75
particular;381.0;377199.044444;847.85
camion;19.0;377399.244444;848.3
particular;382.0;377821.888889;849.25
taxi;261.0;378022.088889;849.7
taxi;262.0;378422.488889;850.6
taxi;263.0;378444.733333;850.65
taxi;264.0;378511.466667;850.8
bus;73.0;378644.933333;851.1
particular;383.0;379801.644444;853.7
motociclista;118.0;379868.377778;853.85
taxi;265.0;380046.333333;854.25
taxi;266.0;380224.288889;854.65
taxi;267.0;380869.377778;856.1
particular;384.0;381069.577778;856.55
minivan;21.0;381292.022222;857.05
particular;385.0;381647.933333;857.85
particular;386.0;381692.422222;857.95
taxi;268.0;382159.555556;859.0
particular;387.0;382426.488889;859.6
particular;388.0;382648.933333;860.1
motociclista;119.0;383116.066667;861.15
bus;74.0;383138.311111;861.2
motociclista;120.0;383338.511111;861.65
particular;389.0;383405.244444;861.8
taxi;269.0;383560.955556;862.15
taxi;270.0;383627.688889;862.3
particular;390.0;384183.8;863.55
bus;75.0;384206.044444;863.6
particular;391.0;384450.733333;864.15
particular;392.0;384517.466667;864.3
motociclista;121.0;384695.422222;864.7
motociclista;122.0;384784.4;864.9
particular;393.0;384940.111111;865.25
motociclista;123.0;385006.844444;865.4
particular;394.0;385251.533333;865.95
particular;395.0;385296.022222;866.05
taxi;271.0;385985.6;867.6
motociclista;124.0;386252.533333;868.2
taxi;272.0;386341.511111;868.4
taxi;273.0;386474.977778;868.7
bus;76.0;387053.333333;870.0
taxi;274.0;387120.066667;870.15
bus;77.0;387320.266667;870.6
taxi;275.0;387943.111111;872.0
taxi;276.0;387943.111111;872.0
taxi;277.0;388054.333333;872.25
motociclista;125.0;388165.555556;872.5
particular;396.0;388210.044444;872.6
taxi;278.0;388565.955556;873.4
peaton;232.0;388588.2;873.45
taxi;279.0;388699.422222;873.7
taxi;280.0;388877.377778;874.1
particular;397.0;389099.822222;874.6
particular;398.0;389589.2;875.7
particular;399.0;389900.622222;876.4
bus;78.0;389945.111111;876.5
bus;79.0;391279.777778;879.5
particular;400.0;391435.488889;879.85
peaton;233.0;391902.622222;880.9
taxi;281.0;392214.044444;881.6
minivan;22.0;392369.755556;881.95
particular;401.0;392503.222222;882.25
particular;402.0;392814.644444;882.95
taxi;282.0;392970.355556;883.3
bus;80.0;393526.466667;884.55
particular;403.0;393949.111111;885.5
particular;404.0;394260.533333;886.2
bus;81.0;394594.2;886.95
taxi;283.0;394660.933333;887.1
particular;405.0;395217.044444;888.35
particular;406.0;395283.777778;888.5
motociclista;126.0;395372.755556;888.7
peaton;234.0;395417.244444;888.8
taxi;284.0;395617.444444;889.25
motociclista;127.0;395906.622222;889.9
bus;82.0;396484.977778;891.2
particular;407.0;396818.644444;891.95
particular;408.0;396929.866667;892.2
peaton;235.0;396952.111111;892.25
peaton;236.0;397397.0;893.25
motociclista;128.0;397397.0;893.25
particular;409.0;397419.244444;893.3
taxi;285.0;397463.733333;893.4
particular;410.0;397552.711111;893.6
motociclista;129.0;397864.133333;894.3
particular;411.0;398197.8;895.05
particular;412.0;398197.8;895.05
particular;413.0;398331.266667;895.35
taxi;286.0;398976.355556;896.8
motociclista;130.0;399287.777778;897.5
taxi;287.0;399332.266667;897.6


Conteo definitivo;ambos sentidos
etiqueta;conteo;tiempo;
peaton;236.0;897.9
particular;413.0;897.9
taxi;287.0;897.9
motociclista;130.0;897.9
bus;82.0;897.9
camion;19.0;897.9
minivan;22.0;897.9
ciclista;6.0;897.9
tractomula;0.0;897.9


Conteo definitivo;direccion positiva
etiqueta;conteo;tiempo;
peaton;104.0;897.9
particular;245.0;897.9
taxi;158.0;897.9
motociclista;73.0;897.9
bus;57.0;897.9
camion;12.0;897.9
minivan;12.0;897.9
ciclista;3.0;897.9
tractomula;0.0;897.9


Conteo definitivo;direccion negativa
etiqueta;conteo;tiempo;
peaton;132.0;897.9
particular;168.0;897.9
taxi;129.0;897.9
motociclista;57.0;897.9
bus;25.0;897.9
camion;7.0;897.9
minivan;10.0;897.9
ciclista;3.0;897.9
tractomula;0.0;897.9
Fin de archivo;
AYUDA;manual  ; en ;https://docs.google.com/document/d/1Y2eYLjje2taNnJwVAONLIpsGVm4aj8_jssrNITejFd0/edit?usp=sharing
